50
34 49 35 34 31 2 32 32 46 16 5 39 45 3 8 46 39 429 440 487 423 411 456 421 467 448 472 448 416 402 444 446 407 987 990 773 971 988 746 962 821 966 880 980 972 812 750 895 727 889
0 3 1 2 4 3 4 3 3 5 5 4 1 3 2 3 3 25 28 27 29 27 27 28 25 27 26 30 27 27 27 27 28 13 13 14 13 16 15 14 12 16 15 15 14 14 14 17 16 17 15
3 0 3 3 1 0 5 5 5 5 5 3 2 4 1 0 2 27 30 29 31 30 29 30 27 29 28 32 29 29 29 29 30 10 11 12 11 14 13 12 10 14 13 13 12 12 12 15 14 15 13
1 3 0 1 4 3 3 2 2 4 4 3 2 2 3 3 2 25 27 26 28 27 26 27 25 27 25 29 26 27 26 26 27 13 14 15 14 17 15 15 13 17 16 16 15 15 15 17 17 18 15
2 3 1 0 3 3 2 3 3 3 3 2 1 1 2 3 1 25 28 27 29 28 27 27 25 27 26 29 27 27 27 27 28 13 13 14 13 16 15 14 12 16 15 15 14 14 14 17 16 17 15
4 1 4 3 0 1 5 5 5 4 4 2 3 4 2 1 3 28 30 29 32 30 29 30 28 30 29 32 30 30 30 30 31 10 10 11 10 13 12 11 9 13 13 13 11 11 11 14 13 14 12
3 0 3 3 1 0 5 5 5 5 5 3 2 4 1 0 2 27 30 29 31 30 29 30 27 29 28 32 29 29 29 29 30 10 11 12 11 14 13 12 10 14 13 13 12 12 12 15 14 15 13
4 5 3 2 5 5 0 3 1 2 2 3 3 1 4 5 3 24 26 25 28 26 25 26 24 26 25 28 25 26 25 25 27 14 15 15 15 17 17 16 13 18 17 17 16 16 15 18 18 18 16
3 5 2 3 5 5 3 0 2 5 5 5 3 2 4 5 4 23 25 25 27 25 25 25 23 25 24 27 25 25 25 25 26 15 15 16 15 18 17 16 14 18 18 17 16 16 16 19 18 19 17
3 5 2 3 5 5 1 2 0 3 3 4 4 2 4 5 3 23 25 25 27 25 25 25 23 25 24 27 25 25 25 25 26 15 15 16 15 18 17 16 14 18 18 18 16 16 16 19 18 19 17
5 5 4 3 4 5 2 5 3 0 0 2 4 3 4 5 3 25 27 27 29 28 27 27 25 28 26 30 27 28 27 27 29 13 14 14 14 16 16 15 12 17 16 16 15 15 14 17 16 17 15
5 5 4 3 4 5 2 5 3 0 0 2 4 3 4 5 3 25 27 27 29 28 27 27 25 28 26 30 27 28 27 27 29 13 14 14 14 16 16 15 12 17 16 16 15 15 14 17 16 17 15
4 3 3 2 2 3 3 5 4 2 2 0 3 3 2 3 1 27 29 28 30 29 28 29 27 29 28 31 28 29 28 28 30 11 12 13 12 15 14 13 10 15 14 14 13 13 13 15 15 15 13
1 2 2 1 3 2 3 3 4 4 4 3 0 2 1 2 2 26 28 27 29 28 27 28 26 28 27 30 28 28 28 28 29 12 13 13 13 15 14 13 11 15 15 15 13 13 14 16 15 16 14
3 4 2 1 4 4 1 2 2 3 3 3 2 0 3 4 2 25 27 26 28 27 26 27 25 27 25 29 26 27 26 26 28 13 14 15 14 17 16 15 13 17 16 16 15 15 15 18 17 17 15
2 1 3 2 2 1 4 4 4 4 4 2 1 3 0 1 1 27 29 28 30 29 28 29 27 29 27 31 28 29 28 28 30 11 12 13 12 15 14 13 10 15 14 14 13 13 13 15 15 15 13
3 0 3 3 1 0 5 5 5 5 5 3 2 4 1 0 2 27 30 29 31 30 29 30 27 29 28 32 29 29 29 29 30 10 11 12 11 14 13 12 10 14 13 13 12 12 12 15 14 15 13
3 2 2 1 3 2 3 4 3 3 3 1 2 2 1 2 0 26 28 27 30 28 27 28 26 28 27 30 27 28 27 27 29 12 13 13 13 15 14 14 11 15 15 15 14 14 13 16 15 16 14
25 27 25 25 28 27 24 23 23 25 25 27 26 25 27 27 26 0 5 2 4 3 2 3 2 3 1 5 4 3 4 4 4 37 38 39 38 41 39 39 37 41 40 40 39 39 39 42 41 42 39
28 30 27 28 30 30 26 25 25 27 27 29 28 27 29 30 28 5 0 3 5 6 4 2 3 5 5 3 1 5 1 1 5 39 40 41 40 43 42 41 39 43 43 42 41 41 41 44 43 44 42
27 29 26 27 29 29 25 25 25 27 27 28 27 26 28 29 27 2 3 0 3 4 2 1 2 3 3 3 2 3 2 2 4 39 39 40 39 42 41 40 38 42 42 42 40 40 40 43 42 43 41
29 31 28 29 32 31 28 27 27 29 29 30 29 28 30 31 30 4 5 3 0 2 3 4 5 2 3 3 5 2 5 5 1 41 42 42 42 44 43 42 40 44 44 44 42 42 42 45 44 45 43
27 30 27 28 30 30 26 25 25 28 28 29 28 27 29 30 28 3 6 4 2 0 3 5 5 2 2 5 5 2 5 5 1 40 40 41 40 43 42 41 39 43 42 42 41 41 41 44 43 44 42
27 29 26 27 29 29 25 25 25 27 27 28 27 26 28 29 27 2 4 2 3 3 0 3 2 1 1 4 3 1 3 3 2 39 39 40 39 42 41 40 38 42 42 42 40 40 40 43 42 43 41
28 30 27 27 30 30 26 25 25 27 27 29 28 27 29 30 28 3 2 1 4 5 3 0 3 3 4 3 1 3 1 1 4 39 40 41 40 43 42 41 39 43 42 42 41 41 41 44 43 44 42
25 27 25 25 28 27 24 23 23 25 25 27 26 25 27 27 26 2 3 2 5 5 2 3 0 3 3 5 2 3 2 2 4 37 38 39 38 41 40 39 37 41 40 40 39 39 39 42 41 42 39
27 29 27 27 30 29 26 25 25 28 28 29 28 27 29 29 28 3 5 3 2 2 1 3 3 0 2 3 4 0 4 4 1 39 40 41 40 43 42 41 39 43 42 42 41 41 41 44 43 44 42
26 28 25 26 29 28 25 24 24 26 26 28 27 25 27 28 27 1 5 3 3 2 1 4 3 2 0 5 4 2 4 4 3 38 39 39 39 42 40 39 37 42 41 41 39 39 40 42 42 42 40
30 32 29 29 32 32 28 27 27 30 30 31 30 29 31 32 30 5 3 3 3 5 4 3 5 3 5 0 4 3 4 4 4 42 42 43 42 45 44 43 41 45 44 44 43 43 43 46 45 46 44
27 29 26 27 30 29 25 25 25 27 27 28 28 26 28 29 27 4 1 2 5 5 3 1 2 4 4 4 0 4 0 0 5 39 39 40 39 42 41 40 38 42 42 42 40 40 40 43 42 43 41
27 29 27 27 30 29 26 25 25 28 28 29 28 27 29 29 28 3 5 3 2 2 1 3 3 0 2 3 4 0 4 4 1 39 40 41 40 43 42 41 39 43 42 42 41 41 41 44 43 44 42
27 29 26 27 30 29 25 25 25 27 27 28 28 26 28 29 27 4 1 2 5 5 3 1 2 4 4 4 0 4 0 0 5 39 39 40 39 42 41 40 38 42 42 42 40 40 40 43 42 43 41
27 29 26 27 30 29 25 25 25 27 27 28 28 26 28 29 27 4 1 2 5 5 3 1 2 4 4 4 0 4 0 0 5 39 39 40 39 42 41 40 38 42 42 42 40 40 40 43 42 43 41
28 30 27 28 31 30 27 26 26 29 29 30 29 28 30 30 29 4 5 4 1 1 2 4 4 1 3 4 5 1 5 5 0 40 41 42 41 44 42 42 39 44 43 43 42 42 42 44 44 44 42
13 10 13 13 10 10 14 15 15 13 13 11 12 13 11 10 12 37 39 39 41 40 39 39 37 39 38 42 39 39 39 39 40 0 1 2 1 4 5 4 1 5 4 4 4 4 2 5 4 5 3
13 11 14 13 10 11 15 15 15 14 14 12 13 14 12 11 13 38 40 39 42 40 39 40 38 40 39 42 39 40 39 39 41 1 0 1 0 4 4 3 2 4 3 3 3 3 3 4 3 4 2
14 12 15 14 11 12 15 16 16 14 14 13 13 15 13 12 13 39 41 40 42 41 40 41 39 41 39 43 40 41 40 40 42 2 1 0 1 3 4 3 3 3 4 2 3 3 2 4 3 3 1
13 11 14 13 10 11 15 15 15 14 14 12 13 14 12 11 13 38 40 39 42 40 39 40 38 40 39 42 39 40 39 39 41 1 0 1 0 4 4 3 2 4 3 3 3 3 3 4 3 4 2
16 14 17 16 13 14 17 18 18 16 16 15 15 17 15 14 15 41 43 42 44 43 42 43 41 43 42 45 42 43 42 42 44 4 4 3 4 0 5 5 5 3 4 3 5 5 3 3 2 1 2
15 13 15 15 12 13 17 17 17 16 16 14 14 16 14 13 14 39 42 41 43 42 41 42 40 42 40 44 41 42 41 41 42 5 4 4 4 5 0 1 4 2 1 3 1 1 5 3 4 5 3
14 12 15 14 11 12 16 16 16 15 15 13 13 15 13 12 14 39 41 40 42 41 40 41 39 41 39 43 40 41 40 40 42 4 3 3 3 5 1 0 3 3 2 2 0 0 5 4 3 4 3
12 10 13 12 9 10 13 14 14 12 12 10 11 13 10 10 11 37 39 38 40 39 38 39 37 39 37 41 38 39 38 38 39 1 2 3 2 5 4 3 0 5 5 4 3 3 3 5 5 5 3
16 14 17 16 13 14 18 18 18 17 17 15 15 17 15 14 15 41 43 42 44 43 42 43 41 43 42 45 42 43 42 42 44 5 4 3 4 3 2 3 5 0 1 1 3 3 5 1 2 3 2
15 13 16 15 13 13 17 18 18 16 16 14 15 16 14 13 15 40 43 42 44 42 42 42 40 42 41 44 42 42 42 42 43 4 3 4 3 4 1 2 5 1 0 2 2 2 5 2 3 4 3
15 13 16 15 13 13 17 17 18 16 16 14 15 16 14 13 15 40 42 42 44 42 42 42 40 42 41 44 42 42 42 42 43 4 3 2 3 3 3 2 4 1 2 0 2 2 4 2 1 2 1
14 12 15 14 11 12 16 16 16 15 15 13 13 15 13 12 14 39 41 40 42 41 40 41 39 41 39 43 40 41 40 40 42 4 3 3 3 5 1 0 3 3 2 2 0 0 5 4 3 4 3
14 12 15 14 11 12 16 16 16 15 15 13 13 15 13 12 14 39 41 40 42 41 40 41 39 41 39 43 40 41 40 40 42 4 3 3 3 5 1 0 3 3 2 2 0 0 5 4 3 4 3
14 12 15 14 11 12 15 16 16 14 14 13 14 15 13 12 13 39 41 40 42 41 40 41 39 41 40 43 40 41 40 40 42 2 3 2 3 3 5 5 3 5 5 4 5 5 0 4 3 4 3
17 15 17 17 14 15 18 19 19 17 17 15 16 18 15 15 16 42 44 43 45 44 43 44 42 44 42 46 43 44 43 43 44 5 4 4 4 3 3 4 5 1 2 2 4 4 4 0 1 2 3
16 14 17 16 13 14 18 18 18 16 16 15 15 17 15 14 15 41 43 42 44 43 42 43 41 43 42 45 42 43 42 42 44 4 3 3 3 2 4 3 5 2 3 1 3 3 3 1 0 1 2
17 15 18 17 14 15 18 19 19 17 17 15 16 17 15 15 16 42 44 43 45 44 43 44 42 44 42 46 43 44 43 43 44 5 4 3 4 1 5 4 5 3 4 2 4 4 4 2 1 0 3
15 13 15 15 12 13 16 17 17 15 15 13 14 15 13 13 14 39 42 41 43 42 41 42 39 42 40 44 41 42 41 41 42 3 2 1 2 2 3 3 3 2 3 1 3 3 3 3 2 3 0
14 16 11 15 13 10 9 1 5 7 8 4 3 12 2 30 17 33 22 29 24 21 18 19 31 32 26 28 23 25 27 20 49 39 47 36 46 41 43 50 48 40 42 37 45 44 34 38 35 6
2
