50
37 39 5 5 30 31 28 40 43 11 18 29 33 4 26 49 7 448 406 415 498 403 433 403 451 457 485 422 411 415 477 483 475 772 752 737 753 873 918 948 768 820 713 784 845 807 882 824 938 757
0 4 4 2 2 4 5 3 5 5 5 4 5 4 2 5 5 30 31 32 30 32 30 30 33 29 29 29 29 32 31 30 28 10 10 11 12 10 13 15 10 12 10 12 12 14 15 12 12 10 9
4 0 1 3 3 3 1 1 3 3 3 3 3 4 3 3 1 26 27 28 26 29 27 27 29 25 26 26 25 29 27 27 25 13 13 15 15 14 17 18 13 15 14 16 15 18 18 15 15 14 13
4 1 0 4 4 3 2 2 4 4 4 3 4 5 4 4 2 27 28 29 27 30 27 28 30 26 27 27 26 30 28 27 25 13 13 14 15 13 16 18 13 15 13 15 15 17 18 15 15 13 12
2 3 4 0 0 2 4 2 3 3 3 2 3 2 0 3 4 28 30 30 28 31 29 29 32 27 28 28 27 31 29 29 27 11 11 13 13 12 15 16 11 14 12 13 13 15 16 13 13 12 10
2 3 4 0 0 2 4 2 3 3 3 2 3 2 0 3 4 28 30 30 28 31 29 29 32 27 28 28 27 31 29 29 27 11 11 13 13 12 15 16 11 14 12 13 13 15 16 13 13 12 10
4 3 3 2 2 0 2 2 2 2 2 0 2 2 2 2 4 27 28 29 27 29 28 27 30 26 27 27 26 29 28 27 25 13 13 14 15 13 16 18 13 15 13 15 15 17 18 15 15 13 12
5 1 2 4 4 2 0 2 2 2 2 2 2 4 4 2 2 25 27 27 25 28 26 26 29 25 25 25 25 28 27 26 24 14 14 15 16 15 18 19 14 16 15 16 16 18 19 16 16 15 13
3 1 2 2 2 2 2 0 2 2 2 2 2 3 2 2 2 27 28 29 27 29 28 27 30 26 27 27 26 29 28 27 25 13 13 14 15 13 16 17 13 15 13 15 15 17 17 15 15 13 12
5 3 4 3 3 2 2 2 0 0 0 2 0 2 3 0 3 25 27 27 25 28 26 26 29 25 25 25 25 28 27 26 24 14 14 16 16 15 17 19 14 16 15 16 16 18 19 16 16 15 13
5 3 4 3 3 2 2 2 0 0 0 2 0 2 3 0 3 25 27 27 25 28 26 26 29 25 25 25 25 28 27 26 24 14 14 16 16 15 17 19 14 16 15 16 16 18 19 16 16 15 13
5 3 4 3 3 2 2 2 0 0 0 2 0 2 3 0 3 25 27 27 25 28 26 26 29 25 25 25 25 28 27 26 24 14 14 16 16 15 17 19 14 16 15 16 16 18 19 16 16 15 13
4 3 3 2 2 0 2 2 2 2 2 0 2 2 2 2 4 27 28 29 27 29 28 27 30 26 27 27 26 29 28 27 25 13 13 14 15 13 16 18 13 15 13 15 15 17 18 15 15 13 12
5 3 4 3 3 2 2 2 0 0 0 2 0 2 3 0 3 25 27 27 25 28 26 26 29 25 25 25 25 28 27 26 24 14 14 16 16 15 17 19 14 16 15 16 16 18 19 16 16 15 13
4 4 5 2 2 2 4 3 2 2 2 2 2 0 2 2 5 27 29 29 27 30 28 27 30 26 27 27 26 30 28 28 25 13 13 15 15 14 16 18 13 15 14 15 15 17 18 15 15 14 12
2 3 4 0 0 2 4 2 3 3 3 2 3 2 0 3 4 28 30 30 28 31 29 29 32 27 28 28 27 31 29 29 27 11 11 13 13 12 15 16 11 14 12 13 13 15 16 13 13 12 10
5 3 4 3 3 2 2 2 0 0 0 2 0 2 3 0 3 25 27 27 25 28 26 26 29 25 25 25 25 28 27 26 24 14 14 16 16 15 17 19 14 16 15 16 16 18 19 16 16 15 13
5 1 2 4 4 4 2 2 3 3 3 4 3 5 4 3 0 25 27 28 25 28 26 26 29 25 25 25 25 28 27 26 24 14 14 15 16 15 18 19 14 16 15 17 16 18 19 16 16 15 13
30 26 27 28 28 27 25 27 25 25 25 27 25 27 28 25 25 0 2 5 5 4 1 4 5 4 3 2 3 4 4 3 2 39 39 40 41 39 42 44 39 41 39 41 41 43 44 41 41 39 38
31 27 28 30 30 28 27 28 27 27 27 28 27 29 30 27 27 2 0 4 5 4 1 4 3 5 4 2 3 4 3 3 4 40 40 42 42 41 44 45 40 42 41 43 42 44 45 42 42 41 39
32 28 29 30 30 29 27 29 27 27 27 29 27 29 30 27 28 5 4 0 3 1 5 2 2 3 3 3 4 1 1 2 5 41 41 42 43 42 44 46 41 43 42 43 43 45 46 43 43 42 40
30 26 27 28 28 27 25 27 25 25 25 27 25 27 28 25 25 5 5 3 0 4 5 1 5 1 2 3 3 4 2 3 4 39 39 40 41 39 42 44 39 41 39 41 41 43 44 41 41 39 38
32 29 30 31 31 29 28 29 28 28 28 29 28 30 31 28 28 4 4 1 4 0 5 3 1 4 3 4 4 0 2 3 5 42 42 43 44 42 45 46 42 44 42 44 44 46 46 44 44 42 41
30 27 27 29 29 28 26 28 26 26 26 28 26 28 29 26 26 1 1 5 5 5 0 5 4 5 4 3 4 5 4 3 3 40 39 41 42 40 43 44 40 42 40 42 42 44 44 42 42 40 39
30 27 28 29 29 27 26 27 26 26 26 27 26 27 29 26 26 4 4 2 1 3 5 0 4 2 1 3 2 3 1 2 3 39 39 41 42 40 43 44 39 42 40 42 42 44 44 42 42 40 39
33 29 30 32 32 30 29 30 29 29 29 30 29 30 32 29 29 5 3 2 5 1 4 4 0 5 4 4 5 1 3 3 5 42 42 44 44 43 46 47 42 44 43 44 44 46 47 44 44 43 42
29 25 26 27 27 26 25 26 25 25 25 26 25 26 27 25 25 4 5 3 1 4 5 2 5 0 1 3 2 4 3 2 3 38 38 40 40 39 42 43 38 40 39 40 40 42 43 40 40 39 37
29 26 27 28 28 27 25 27 25 25 25 27 25 27 28 25 25 3 4 3 2 3 4 1 4 1 0 2 1 3 2 1 2 39 39 40 41 39 42 44 39 41 39 41 41 43 44 41 41 39 38
29 26 27 28 28 27 25 27 25 25 25 27 25 27 28 25 25 2 2 3 3 4 3 3 4 3 2 0 1 4 2 1 2 39 39 40 41 39 42 44 39 41 39 41 41 43 44 41 41 39 38
29 25 26 27 27 26 25 26 25 25 25 26 25 26 27 25 25 3 3 4 3 4 4 2 5 2 1 1 0 4 3 2 1 38 38 39 40 39 42 43 38 40 39 40 40 42 43 40 40 39 37
32 29 30 31 31 29 28 29 28 28 28 29 28 30 31 28 28 4 4 1 4 0 5 3 1 4 3 4 4 0 2 3 5 42 42 43 44 42 45 46 42 44 42 44 44 46 46 44 44 42 41
31 27 28 29 29 28 27 28 27 27 27 28 27 28 29 27 27 4 3 1 2 2 4 1 3 3 2 2 3 2 0 1 4 40 40 42 42 41 44 45 40 42 41 42 42 44 45 42 42 41 39
30 27 27 29 29 27 26 27 26 26 26 27 26 28 29 26 26 3 3 2 3 3 3 2 3 2 1 1 2 3 1 0 3 39 39 41 42 40 43 44 39 42 40 42 42 44 44 42 42 40 39
28 25 25 27 27 25 24 25 24 24 24 25 24 25 27 24 24 2 4 5 4 5 3 3 5 3 2 2 1 5 4 3 0 37 37 39 39 38 41 42 37 39 38 40 39 42 42 39 39 38 37
10 13 13 11 11 13 14 13 14 14 14 13 14 13 11 14 14 39 40 41 39 42 40 39 42 38 39 39 38 42 40 39 37 0 2 4 3 1 4 5 0 3 1 3 3 5 5 3 3 1 1
10 13 13 11 11 13 14 13 14 14 14 13 14 13 11 14 14 39 40 41 39 42 39 39 42 38 39 39 38 42 40 39 37 2 0 2 3 1 5 5 2 3 1 5 3 5 5 3 3 1 1
11 15 14 13 13 14 15 14 16 16 16 14 16 15 13 16 15 40 42 42 40 43 41 41 44 40 40 40 39 43 42 41 39 4 2 0 3 3 5 5 4 1 3 5 3 4 5 4 3 3 3
12 15 15 13 13 15 16 15 16 16 16 15 16 15 13 16 16 41 42 43 41 44 42 42 44 40 41 41 40 44 42 42 39 3 3 3 0 2 2 3 3 2 2 3 0 3 3 2 0 2 3
10 14 13 12 12 13 15 13 15 15 15 13 15 14 12 15 15 39 41 42 39 42 40 40 43 39 39 39 39 42 41 40 38 1 1 3 2 0 4 5 1 2 0 4 2 4 5 2 2 0 2
13 17 16 15 15 16 18 16 17 17 17 16 17 16 15 17 18 42 44 44 42 45 43 43 46 42 42 42 42 45 44 43 41 4 5 5 2 4 0 2 4 4 4 2 2 1 2 2 2 4 5
15 18 18 16 16 18 19 17 19 19 19 18 19 18 16 19 19 44 45 46 44 46 44 44 47 43 44 44 43 46 45 44 42 5 5 5 3 5 2 0 5 4 5 4 3 1 0 4 3 5 6
10 13 13 11 11 13 14 13 14 14 14 13 14 13 11 14 14 39 40 41 39 42 40 39 42 38 39 39 38 42 40 39 37 0 2 4 3 1 4 5 0 3 1 3 3 5 5 3 3 1 1
12 15 15 14 14 15 16 15 16 16 16 15 16 15 14 16 16 41 42 43 41 44 42 42 44 40 41 41 40 44 42 42 39 3 3 1 2 2 4 4 3 0 2 5 2 3 4 3 2 2 4
10 14 13 12 12 13 15 13 15 15 15 13 15 14 12 15 15 39 41 42 39 42 40 40 43 39 39 39 39 42 41 40 38 1 1 3 2 0 4 5 1 2 0 4 2 4 5 2 2 0 2
12 16 15 13 13 15 16 15 16 16 16 15 16 15 13 16 17 41 43 43 41 44 42 42 44 40 41 41 40 44 42 42 40 3 5 5 3 4 2 4 3 5 4 0 3 3 4 2 3 4 4
12 15 15 13 13 15 16 15 16 16 16 15 16 15 13 16 16 41 42 43 41 44 42 42 44 40 41 41 40 44 42 42 39 3 3 3 0 2 2 3 3 2 2 3 0 3 3 2 0 2 3
14 18 17 15 15 17 18 17 18 18 18 17 18 17 15 18 18 43 44 45 43 46 44 44 46 42 43 43 42 46 44 44 42 5 5 4 3 4 1 1 5 3 4 3 3 0 1 3 3 4 5
15 18 18 16 16 18 19 17 19 19 19 18 19 18 16 19 19 44 45 46 44 46 44 44 47 43 44 44 43 46 45 44 42 5 5 5 3 5 2 0 5 4 5 4 3 1 0 4 3 5 6
12 15 15 13 13 15 16 15 16 16 16 15 16 15 13 16 16 41 42 43 41 44 42 42 44 40 41 41 40 44 42 42 39 3 3 4 2 2 2 4 3 3 2 2 2 3 4 0 2 2 4
12 15 15 13 13 15 16 15 16 16 16 15 16 15 13 16 16 41 42 43 41 44 42 42 44 40 41 41 40 44 42 42 39 3 3 3 0 2 2 3 3 2 2 3 0 3 3 2 0 2 3
10 14 13 12 12 13 15 13 15 15 15 13 15 14 12 15 15 39 41 42 39 42 40 40 43 39 39 39 39 42 41 40 38 1 1 3 2 0 4 5 1 2 0 4 2 4 5 2 2 0 2
9 13 12 10 10 12 13 12 13 13 13 12 13 12 10 13 13 38 39 40 38 41 39 39 42 37 38 38 37 41 39 39 37 1 1 3 3 2 5 6 1 4 2 4 3 5 6 4 3 2 0
3 14 4 10 11 15 7 12 5 6 13 1 2 8 9 16 22 17 24 19 29 20 30 28 23 18 25 26 33 31 32 27 21 43 36 35 37 50 41 34 44 46 42 48 45 38 47 39 49 40
1
