50
6 9 24 29 13 15 12 39 6 30 27 32 17 1 4 43 35 489 465 425 426 447 419 488 449 463 431 436 424 499 461 400 498 988 747 931 727 757 718 733 919 730 951 892 871 772 951 957 834 972
0 4 3 1 5 2 3 4 2 1 1 0 3 1 4 0 1 23 26 26 27 25 26 27 25 26 26 24 27 25 25 27 27 15 13 15 15 17 17 15 14 15 16 15 16 15 15 17 18 15 15
4 0 1 3 1 4 4 2 3 4 3 4 4 3 2 4 4 25 28 27 28 26 27 28 27 27 28 25 29 26 26 28 29 14 12 14 14 15 15 14 13 14 15 14 14 13 14 15 17 14 14
3 1 0 2 2 3 3 3 3 3 2 3 3 2 3 3 3 24 27 27 27 25 27 27 26 27 27 25 28 25 25 27 28 15 13 14 15 16 16 15 13 15 15 15 15 14 15 16 17 15 15
1 3 2 0 4 1 4 5 3 2 2 1 4 2 4 1 2 22 25 25 26 24 25 26 25 25 25 23 27 24 24 26 27 16 14 15 16 17 17 16 15 16 17 16 16 15 16 17 19 16 16
5 1 2 4 0 5 4 1 4 5 4 5 4 4 3 5 5 25 28 28 29 27 28 29 28 28 29 26 30 27 27 29 30 14 11 13 14 15 15 13 12 14 14 13 13 13 14 15 16 14 14
2 4 3 1 5 0 5 5 4 3 3 2 5 3 5 2 3 22 25 25 25 23 25 25 24 25 25 22 26 23 23 25 26 17 15 16 17 18 18 17 15 17 18 17 17 16 17 18 20 17 17
3 4 3 4 4 5 0 3 2 3 3 3 0 3 2 3 3 26 29 29 29 28 29 30 28 29 29 27 30 27 28 30 30 13 10 12 13 14 14 13 11 13 13 13 13 12 13 14 15 13 13
4 2 3 5 1 5 3 0 4 5 3 4 3 3 2 4 5 26 29 29 30 27 29 29 28 29 29 27 30 27 27 29 30 13 10 12 13 14 14 13 11 13 14 13 13 12 13 14 15 13 13
2 3 3 3 4 4 2 4 0 1 1 2 2 1 2 2 1 25 27 27 28 26 28 28 27 27 27 25 29 26 26 28 29 14 12 13 14 15 15 14 13 14 15 14 14 14 14 15 17 14 14
1 4 3 2 5 3 3 5 1 0 2 1 3 2 3 1 0 24 27 27 27 25 27 28 26 27 27 25 28 25 25 28 28 15 13 14 15 16 16 15 14 15 15 15 15 14 15 16 18 15 15
1 3 2 2 4 3 3 3 1 2 0 1 3 0 3 1 2 24 27 27 27 25 27 27 26 27 27 25 28 25 25 28 28 15 13 14 15 16 16 15 13 15 15 15 15 14 15 16 18 15 15
0 4 3 1 5 2 3 4 2 1 1 0 3 1 4 0 1 23 26 26 27 25 26 27 25 26 26 24 27 25 25 27 27 15 13 15 15 17 17 15 14 15 16 15 16 15 15 17 18 15 15
3 4 3 4 4 5 0 3 2 3 3 3 0 3 2 3 3 26 29 29 29 28 29 30 28 29 29 27 30 27 28 30 30 13 10 12 13 14 14 13 11 13 13 13 13 12 13 14 15 13 13
1 3 2 2 4 3 3 3 1 2 0 1 3 0 3 1 2 24 27 27 27 25 27 27 26 27 27 25 28 25 25 28 28 15 13 14 15 16 16 15 13 15 15 15 15 14 15 16 18 15 15
4 2 3 4 3 5 2 2 2 3 3 4 2 3 0 4 3 26 29 29 29 27 29 29 28 29 29 27 30 27 27 30 30 13 10 12 13 14 14 13 11 13 13 13 13 12 13 14 15 13 13
0 4 3 1 5 2 3 4 2 1 1 0 3 1 4 0 1 23 26 26 27 25 26 27 25 26 26 24 27 25 25 27 27 15 13 15 15 17 17 15 14 15 16 15 16 15 15 17 18 15 15
1 4 3 2 5 3 3 5 1 0 2 1 3 2 3 1 0 24 27 27 27 25 27 28 26 27 27 25 28 25 25 28 28 15 13 14 15 16 16 15 14 15 15 15 15 14 15 16 18 15 15
23 25 24 22 25 22 26 26 25 24 24 23 26 24 26 23 24 0 4 3 4 2 4 4 3 3 4 1 5 2 2 5 5 38 36 37 38 39 39 38 37 38 39 38 38 37 38 39 41 38 38
26 28 27 25 28 25 29 29 27 27 27 26 29 27 29 26 27 4 0 2 1 4 5 3 1 2 2 3 2 2 4 4 2 41 39 40 41 42 42 41 39 41 42 41 41 40 41 42 44 41 41
26 27 27 25 28 25 29 29 27 27 27 26 29 27 29 26 27 3 2 0 1 2 3 1 3 0 3 3 2 2 2 3 2 41 39 40 41 42 42 41 39 41 42 41 41 40 41 42 44 41 41
27 28 27 26 29 25 29 30 28 27 27 27 29 27 29 27 27 4 1 1 0 3 4 2 2 1 3 4 1 3 3 3 1 42 39 41 42 43 43 42 40 42 42 42 42 41 42 43 44 42 42
25 26 25 24 27 23 28 27 26 25 25 25 28 25 27 25 25 2 4 2 3 0 2 3 4 2 5 1 4 2 0 3 4 40 37 39 40 41 41 39 38 40 40 39 39 39 40 41 42 39 40
26 27 27 25 28 25 29 29 28 27 27 26 29 27 29 26 27 4 5 3 4 2 0 3 5 3 6 3 4 4 2 1 5 41 39 40 41 42 42 41 39 41 42 41 41 40 41 42 44 41 41
27 28 27 26 29 25 30 29 28 28 27 27 30 27 29 27 28 4 3 1 2 3 3 0 4 1 4 3 1 3 3 2 3 42 39 41 42 43 43 42 40 42 42 42 42 41 42 43 44 42 42
25 27 26 25 28 24 28 28 27 26 26 25 28 26 28 25 26 3 1 3 2 4 5 4 0 3 1 4 3 3 4 5 3 40 38 39 40 42 42 40 39 40 41 40 40 40 40 42 43 40 40
26 27 27 25 28 25 29 29 27 27 27 26 29 27 29 26 27 3 2 0 1 2 3 1 3 0 3 3 2 2 2 3 2 41 39 40 41 42 42 41 39 41 42 41 41 40 41 42 44 41 41
26 28 27 25 29 25 29 29 27 27 27 26 29 27 29 26 27 4 2 3 3 5 6 4 1 3 0 5 4 4 5 5 2 41 39 40 41 42 42 41 40 41 42 41 41 40 41 42 44 41 41
24 25 25 23 26 22 27 27 25 25 25 24 27 25 27 24 25 1 3 3 4 1 3 3 4 3 5 0 4 1 1 4 5 39 37 38 39 40 40 39 37 39 39 39 39 38 39 40 42 39 39
27 29 28 27 30 26 30 30 29 28 28 27 30 28 30 27 28 5 2 2 1 4 4 1 3 2 4 4 0 3 4 3 2 42 40 42 42 44 44 42 41 42 43 42 42 42 42 44 45 42 42
25 26 25 24 27 23 27 27 26 25 25 25 27 25 27 25 25 2 2 2 3 2 4 3 3 2 4 1 3 0 2 3 4 39 37 39 39 41 41 39 38 39 40 39 39 39 39 41 42 39 39
25 26 25 24 27 23 28 27 26 25 25 25 28 25 27 25 25 2 4 2 3 0 2 3 4 2 5 1 4 2 0 3 4 40 37 39 40 41 41 39 38 40 40 39 39 39 40 41 42 39 40
27 28 27 26 29 25 30 29 28 28 28 27 30 28 30 27 28 5 4 3 3 3 1 2 5 3 5 4 3 3 3 0 4 42 39 41 42 43 43 42 40 42 42 42 42 41 42 43 44 42 42
27 29 28 27 30 26 30 30 29 28 28 27 30 28 30 27 28 5 2 2 1 4 5 3 3 2 2 5 2 4 4 4 0 42 40 42 42 44 44 42 41 42 43 42 42 42 42 44 45 42 42
15 14 15 16 14 17 13 13 14 15 15 15 13 15 13 15 15 38 41 41 42 40 41 42 40 41 41 39 42 39 40 42 42 0 3 1 0 2 2 3 4 0 1 3 5 4 0 2 4 2 0
13 12 13 14 11 15 10 10 12 13 13 13 10 13 10 13 13 36 39 39 39 37 39 39 38 39 39 37 40 37 37 39 40 3 0 2 3 4 4 3 1 3 4 3 3 2 3 4 5 3 3
15 14 14 15 13 16 12 12 13 14 14 15 12 14 12 15 14 37 40 40 41 39 40 41 39 40 40 38 42 39 39 41 42 1 2 0 1 3 3 3 3 1 2 3 4 3 1 3 5 1 1
15 14 15 16 14 17 13 13 14 15 15 15 13 15 13 15 15 38 41 41 42 40 41 42 40 41 41 39 42 39 40 42 42 0 3 1 0 2 2 3 4 0 1 3 5 4 0 2 4 2 0
17 15 16 17 15 18 14 14 15 16 16 17 14 16 14 17 16 39 42 42 43 41 42 43 42 42 42 40 44 41 41 43 44 2 4 3 2 0 0 2 4 2 1 2 4 3 2 0 2 2 2
17 15 16 17 15 18 14 14 15 16 16 17 14 16 14 17 16 39 42 42 43 41 42 43 42 42 42 40 44 41 41 43 44 2 4 3 2 0 0 2 4 2 1 2 4 3 2 0 2 2 2
15 14 15 16 13 17 13 13 14 15 15 15 13 15 13 15 15 38 41 41 42 39 41 42 40 41 41 39 42 39 39 42 42 3 3 3 3 2 2 0 2 3 3 0 2 1 3 2 3 2 3
14 13 13 15 12 15 11 11 13 14 13 14 11 13 11 14 14 37 39 39 40 38 39 40 39 39 40 37 41 38 38 40 41 4 1 3 4 4 4 2 0 4 3 2 2 1 4 4 5 2 4
15 14 15 16 14 17 13 13 14 15 15 15 13 15 13 15 15 38 41 41 42 40 41 42 40 41 41 39 42 39 40 42 42 0 3 1 0 2 2 3 4 0 1 3 5 4 0 2 4 2 0
16 15 15 17 14 18 13 14 15 15 15 16 13 15 13 16 15 39 42 42 42 40 42 42 41 42 42 39 43 40 40 42 43 1 4 2 1 1 1 3 3 1 0 3 4 4 1 1 3 1 1
15 14 15 16 13 17 13 13 14 15 15 15 13 15 13 15 15 38 41 41 42 39 41 42 40 41 41 39 42 39 39 42 42 3 3 3 3 2 2 0 2 3 3 0 2 1 3 2 3 2 3
16 14 15 16 13 17 13 13 14 15 15 16 13 15 13 16 15 38 41 41 42 39 41 42 40 41 41 39 42 39 39 42 42 5 3 4 5 4 4 2 2 5 4 2 0 1 5 4 4 3 5
15 13 14 15 13 16 12 12 14 14 14 15 12 14 12 15 14 37 40 40 41 39 40 41 40 40 40 38 42 39 39 41 42 4 2 3 4 3 3 1 1 4 4 1 1 0 4 3 4 3 4
15 14 15 16 14 17 13 13 14 15 15 15 13 15 13 15 15 38 41 41 42 40 41 42 40 41 41 39 42 39 40 42 42 0 3 1 0 2 2 3 4 0 1 3 5 4 0 2 4 2 0
17 15 16 17 15 18 14 14 15 16 16 17 14 16 14 17 16 39 42 42 43 41 42 43 42 42 42 40 44 41 41 43 44 2 4 3 2 0 0 2 4 2 1 2 4 3 2 0 2 2 2
18 17 17 19 16 20 15 15 17 18 18 18 15 18 15 18 18 41 44 44 44 42 44 44 43 44 44 42 45 42 42 44 45 4 5 5 4 2 2 3 5 4 3 3 4 4 4 2 0 4 4
15 14 15 16 14 17 13 13 14 15 15 15 13 15 13 15 15 38 41 41 42 39 41 42 40 41 41 39 42 39 39 42 42 2 3 1 2 2 2 2 2 2 1 2 3 3 2 2 4 0 2
15 14 15 16 14 17 13 13 14 15 15 15 13 15 13 15 15 38 41 41 42 40 41 42 40 41 41 39 42 39 40 42 42 0 3 1 0 2 2 3 4 0 1 3 5 4 0 2 4 2 0
15 16 9 2 1 8 13 10 7 6 3 5 11 4 12 32 17 23 29 20 21 27 28 22 25 31 26 19 24 18 33 30 39 37 42 40 35 38 46 49 45 44 41 36 43 47 48 50 34 14
3
